0.00000 0.11082 0.13808 0.46175 0.25616 0.01337 0.02314 0.26138 0.99976 0.25145 0.02207 0.37021 0.38708 0.29723 0.24735 0.03530 0.30619 0.45945 0.28579 0.25198 0.37281 0.35135 0.64548 0.28289 0.72516
0.11082 0.00000 0.02926 0.34169 0.12282 0.09217 0.07157 0.09425 0.20560 0.12348 0.07710 0.27719 0.28464 0.18383 0.12491 0.06557 0.20331 0.36267 0.17610 0.13192 0.25228 0.27270 0.56338 0.17328 0.99987
0.13808 0.02926 0.00000 0.36827 0.12137 0.11126 0.08104 0.08170 0.21758 0.12104 0.08718 0.32087 0.32269 0.19097 0.12168 0.06653 0.24749 0.40015 0.18009 0.12956 0.29103 0.32508 0.99986 0.17493 0.98458
0.46175 0.34169 0.36827 0.00000 0.14056 0.99984 0.99988 0.23965 0.05497 0.14407 0.99962 0.36128 0.33701 0.08902 0.14723 0.99985 0.29371 0.42374 0.12126 0.14393 0.27424 0.37606 0.24422 0.15040 0.44199
0.25616 0.12282 0.12137 0.14056 0.00000 0.23198 0.20765 0.03710 0.03230 0.00712 0.20752 0.32401 0.29540 0.02127 0.00832 0.18239 0.24071 0.38734 0.02123 0.00978 0.24186 0.33206 0.99979 0.02639 0.45907
0.01337 0.09217 0.11126 0.99984 0.23198 0.00000 0.01339 0.23516 0.30596 0.22732 0.01302 0.36730 0.38095 0.27557 0.22330 0.02126 0.29866 0.45430 0.26378 0.22813 0.36530 0.35175 0.99975 0.26053 0.71186
0.02314 0.07157 0.08104 0.99988 0.20765 0.01339 0.00000 0.20477 0.28591 0.20351 0.00985 0.36015 0.37105 0.25583 0.20009 0.01223 0.28773 0.44530 0.24436 0.20556 0.35344 0.34785 0.62995 0.24124 0.99972
0.26138 0.09425 0.08170 0.23965 0.03710 0.23516 0.20477 0.00000 0.10644 0.04022 0.20861 0.31721 0.30443 0.08786 0.04450 0.18148 0.24147 0.38960 0.07975 0.05099 0.25515 0.33168 0.99989 0.07672 0.58823
0.99976 0.20560 0.21758 0.05497 0.03230 0.30596 0.28591 0.10644 0.00000 0.03301 0.28405 0.33607 0.30052 0.00733 0.03399 0.26077 0.25300 0.39527 0.02015 0.03224 0.23727 0.34475 0.99971 0.03589 0.40412
0.25145 0.12348 0.12104 0.14407 0.00712 0.22732 0.20351 0.04022 0.03301 0.00000 0.20289 0.32918 0.29956 0.02032 0.00742 0.17780 0.24581 0.39164 0.01899 0.00844 0.24675 0.33676 0.99980 0.02319 0.45873
0.02207 0.07710 0.08718 0.99962 0.20752 0.01302 0.00985 0.20861 0.28405 0.20289 0.00000 0.36478 0.37478 0.25316 0.19894 0.01283 0.29301 0.44940 0.24095 0.20389 0.35712 0.35284 0.99943 0.23723 0.99977
0.37021 0.27719 0.32087 0.36128 0.32401 0.36730 0.36015 0.31721 0.33607 0.32918 0.36478 0.00000 0.09171 0.34948 0.33434 0.36249 0.12890 0.11594 0.36404 0.33878 0.08080 0.14593 0.99987 0.37515 0.50060
0.38708 0.28464 0.32269 0.33701 0.29540 0.38095 0.37105 0.30443 0.30052 0.29956 0.37478 0.09171 0.00000 0.31244 0.30375 0.36838 0.09248 0.07751 0.32746 0.30723 0.08233 0.06041 0.42317 0.33994 0.44230
0.29723 0.18383 0.19097 0.08902 0.02127 0.27557 0.25583 0.08786 0.00733 0.02032 0.25316 0.34948 0.31244 0.00000 0.01974 0.22944 0.26539 0.40673 0.00661 0.01779 0.25387 0.35616 0.99973 0.01591 0.42663
0.24735 0.12491 0.12168 0.14723 0.00832 0.22330 0.20009 0.04450 0.03399 0.00742 0.19894 0.33434 0.30375 0.01974 0.00000 0.17391 0.25099 0.39596 0.01713 0.00764 0.25163 0.34148 0.99980 0.02032 0.45721
0.03530 0.06557 0.06653 0.99985 0.18239 0.02126 0.01223 0.18148 0.26077 0.17780 0.01283 0.36249 0.36838 0.22944 0.17391 0.00000 0.28858 0.44459 0.21674 0.17887 0.34809 0.35423 0.61526 0.21245 0.67835
0.30619 0.20331 0.24749 0.29371 0.24071 0.29866 0.28773 0.24147 0.25300 0.24581 0.29301 0.12890 0.09248 0.26539 0.25099 0.28858 0.00000 0.18906 0.28117 0.25563 0.05615 0.06932 0.36340 0.29416 0.38007
0.45945 0.36267 0.40015 0.42374 0.38734 0.45430 0.44530 0.38960 0.39527 0.39164 0.44940 0.11594 0.07751 0.40673 0.39596 0.44459 0.18906 0.00000 0.42046 0.39949 0.16912 0.15017 0.99987 0.43149 0.51887
0.28579 0.17610 0.18009 0.12126 0.02123 0.26378 0.24436 0.07975 0.02015 0.01899 0.24095 0.36404 0.32746 0.00661 0.01713 0.21674 0.28117 0.42046 0.00000 0.01483 0.27273 0.37060 0.99978 0.00635 0.45657
0.25198 0.13192 0.12956 0.14393 0.00978 0.22813 0.20556 0.05099 0.03224 0.00844 0.20389 0.33878 0.30723 0.01779 0.00764 0.17887 0.25563 0.39949 0.01483 0.00000 0.25518 0.34576 0.39430 0.01767 0.45246
0.37281 0.25228 0.29103 0.27424 0.24186 0.36530 0.35344 0.25515 0.23727 0.24675 0.35712 0.08080 0.08233 0.25387 0.25163 0.34809 0.05615 0.16912 0.27273 0.25518 0.00000 0.12227 0.99988 0.28796 0.34886
0.35135 0.27270 0.32508 0.37606 0.33206 0.35175 0.34785 0.33168 0.34475 0.33676 0.35284 0.14593 0.06041 0.35616 0.34148 0.35423 0.06932 0.15017 0.37060 0.34576 0.12227 0.00000 0.44514 0.38243 0.48612
0.64548 0.56338 0.99986 0.24422 0.99979 0.99975 0.62995 0.99989 0.99971 0.99980 0.99943 0.99987 0.42317 0.99973 0.99980 0.61526 0.36340 0.99987 0.99978 0.39430 0.99988 0.44514 0.00000 0.99982 0.45975
0.28289 0.17328 0.17493 0.15040 0.02639 0.26053 0.24124 0.07672 0.03589 0.02319 0.23723 0.37515 0.33994 0.01591 0.02032 0.21245 0.29416 0.43149 0.00635 0.01767 0.28796 0.38243 0.99982 0.00000 0.94319
0.72516 0.99987 0.98458 0.44199 0.45907 0.71186 0.99972 0.58823 0.40412 0.45873 0.99977 0.50060 0.44230 0.42663 0.45721 0.67835 0.38007 0.51887 0.45657 0.45246 0.34886 0.48612 0.45975 0.94319 0.00000
